0 -> [25, 76]
1 -> [23, 170, 167]
2 -> [189, 54]
3 -> [71, 114]
4 -> [146, 54]
5 -> [86, 143, 17]
6 -> [56, 239]
7 -> [67, 64, 38]
8 -> [134, 236, 210]
9 -> [222, 19]
10 -> [209, 150]
11 -> [56, 58, 218]
12 -> [133, 51]
13 -> [14, 137]
14 -> [139, 122, 6, 110]
15 -> [224, 253]
16 -> [45, 47, 133]
17 -> [67, 51]
18 -> [52, 208]
19 -> [160, 157, 134]
20 -> [172, 121, 70, 120]
21 -> [231, 216]
22 -> [221, 4, 127]
23 -> [186, 91]
24 -> [143, 132, 210]
25 -> [159, 54, 197]
26 -> [99, 86]
27 -> [94, 235, 157]
28 -> [42, 90]
29 -> [214, 82]
30 -> [145, 148, 166]
31 -> [79, 80, 155, 39]
32 -> [12, 0, 234, 45]
33 -> [148, 235]
34 -> [237, 170, 87]
35 -> [48, 37]
36 -> [197, 226]
37 -> [62, 74, 66]
38 -> [225, 169]
39 -> [103, 78, 90]
40 -> [89, 175, 7]
41 -> [35, 79, 55]
42 -> [155, 142, 67]
43 -> [173, 95]
44 -> [125, 164, 53]
45 -> [165, 166, 32]
46 -> [66, 241, 1]
47 -> [55, 240]
48 -> [214, 169, 31]
49 -> [239, 83, 14]
50 -> [182, 6]
51 -> [185, 23, 45]
52 -> [100, 151, 216]
53 -> [74, 54]
54 -> [8, 97, 138]
55 -> [48, 68, 187]
56 -> [248, 44, 38]
57 -> [7, 82, 177]
58 -> [139, 136]
59 -> [228, 156]
60 -> [111, 32]
61 -> [182, 170]
62 -> [109, 111]
63 -> [50, 202, 139]
64 -> [60, 203]
65 -> [4, 119]
66 -> [140, 204]
67 -> [247, 137, 86]
68 -> [40, 56]
69 -> [226, 234, 158]
70 -> [46, 71]
71 -> [128, 114, 88]
72 -> [163, 213, 199]
73 -> [106, 181, 206]
74 -> [218, 120, 150]
75 -> [86, 33, 173]
76 -> [134, 1, 94]
77 -> [72, 247, 191]
78 -> [101, 182, 27]
79 -> [147, 183, 189]
80 -> [87, 141, 133]
81 -> [125, 61, 116]
82 -> [143, 80, 31]
83 -> [33, 224]
84 -> [40, 46]
85 -> [106, 174, 1, 219]
86 -> [28, 166]
87 -> [123, 10]
88 -> [70, 190]
89 -> [77, 28, 170]
90 -> [191, 192]
91 -> [98, 26, 89]
92 -> [79, 31, 165]
93 -> [215, 10]
94 -> [67, 82, 3]
95 -> [89, 197, 214]
96 -> [184, 194, 75]
97 -> [163, 53]
98 -> [242, 45]
99 -> [189, 254]
100 -> [232, 23]
101 -> [226, 124]
102 -> [220, 172, 46]
103 -> [248, 81]
104 -> [43, 234]
105 -> [88, 173]
106 -> [115, 113]
107 -> [21, 1]
108 -> [110, 51]
109 -> [82, 52, 80]
110 -> [242, 61, 58]
111 -> [50, 107]
112 -> [147, 129]
113 -> [86, 102]
114 -> [216, 165]
115 -> [193, 141, 125, 220]
116 -> [55, 253]
117 -> [83, 102]
118 -> [141, 120, 207]
119 -> [104, 48, 65]
120 -> [236, 161, 101]
121 -> [42, 51, 152]
122 -> [26, 93]
123 -> [27, 13]
124 -> [109, 154]
125 -> [113, 110]
126 -> [110, 123, 31]
127 -> [227, 211]
128 -> [120, 57, 8]
129 -> [222, 104, 202]
130 -> [240, 172]
131 -> [219, 58, 108]
132 -> [164, 63, 133]
133 -> [36, 94]
134 -> [215, 64]
135 -> [7, 62]
136 -> [217, 177]
137 -> [250, 244, 145]
138 -> [131, 219, 103]
139 -> [5, 219]
140 -> [219, 218]
141 -> [109, 129]
142 -> [33, 210]
143 -> [139, 184, 138, 177]
144 -> [191, 74, 49]
145 -> [78, 11, 206, 241]
146 -> [102, 59]
147 -> [124, 29, 30]
148 -> [26, 0, 109]
149 -> [81, 242, 90]
150 -> [50, 89, 206]
151 -> [172, 134]
152 -> [13, 197]
153 -> [139, 133]
154 -> [116, 183]
155 -> [201, 44, 152]
156 -> [23, 182, 25]
157 -> [1, 115, 122]
158 -> [126, 149]
159 -> [215, 18, 224]
160 -> [71, 112, 167, 202]
161 -> [242, 190]
162 -> [231, 67]
163 -> [214, 103]
164 -> [19, 60, 20]
165 -> [22, 4, 223]
166 -> [109, 197]
167 -> [177, 130, 248]
168 -> [236, 32]
169 -> [155, 227]
170 -> [211, 139, 253]
171 -> [185, 156, 34]
172 -> [82, 60, 179]
173 -> [167, 227]
174 -> [161, 50, 106]
175 -> [115, 250]
176 -> [31, 99]
177 -> [125, 139, 215]
178 -> [229, 218, 37]
179 -> [252, 2, 144]
180 -> [169, 47, 71]
181 -> [71, 58, 32]
182 -> [234, 231, 53]
183 -> [242, 243]
184 -> [220, 248]
185 -> [14, 66, 117, 3]
186 -> [32, 35]
187 -> [239, 32, 3]
188 -> [240, 130]
189 -> [49, 25, 30]
190 -> [213, 47]
191 -> [108, 176, 212]
192 -> [83, 67]
193 -> [217, 173]
194 -> [7, 141]
195 -> [240, 238, 150]
196 -> [109, 114]
197 -> [93, 78, 195]
198 -> [38, 228]
199 -> [92, 95, 50]
200 -> [42, 0]
201 -> [255, 75, 83]
202 -> [230, 181, 236]
203 -> [248, 250]
204 -> [157, 12]
205 -> [213, 218, 26]
206 -> [184, 16, 0]
207 -> [46, 100, 113]
208 -> [75, 128]
209 -> [254, 143]
210 -> [53, 34]
211 -> [206, 198]
212 -> [2, 9, 214]
213 -> [60, 221]
214 -> [237, 145, 30]
215 -> [154, 8, 51]
216 -> [173, 205, 1]
217 -> [13, 102]
218 -> [156, 232]
219 -> [109, 78, 120]
220 -> [250, 145, 213]
221 -> [154, 130]
222 -> [43, 223]
223 -> [198, 219]
224 -> [162, 232, 67]
225 -> [47, 128, 206]
226 -> [14, 177, 112]
227 -> [134, 141]
228 -> [180, 215]
229 -> [96, 5]
230 -> [98, 123, 221]
231 -> [182, 97]
232 -> [245, 62, 157]
233 -> [173, 187]
234 -> [26, 17]
235 -> [70, 115]
236 -> [108, 201, 86]
237 -> [111, 227]
238 -> [218, 164]
239 -> [205, 6, 87]
240 -> [229, 106, 157]
241 -> [65, 170]
242 -> [186, 155, 40]
243 -> [111, 118, 126]
244 -> [111, 46, 113]
245 -> [238, 71]
246 -> [15, 203]
247 -> [135, 108]
248 -> [197, 30, 46]
249 -> [232, 24]
250 -> [78, 176, 43]
251 -> [201, 64]
252 -> [157, 179]
253 -> [66, 225, 127]
254 -> [180, 187, 61]
255 -> [176, 17]
